# time [days] po212 counts per 2 minutes
3.472222222222222029e-03 1.000000000000000000e+00
1.041666666666666609e-02 1.400000000000000000e+01
1.736111111111111188e-02 3.300000000000000000e+01
2.430555555555555594e-02 4.300000000000000000e+01
3.125000000000000000e-02 8.100000000000000000e+01
3.819444444444444059e-02 1.210000000000000000e+02
4.513888888888888812e-02 1.660000000000000000e+02
5.208333333333333565e-02 1.800000000000000000e+02
5.902777777777778317e-02 2.770000000000000000e+02
6.597222222222222376e-02 3.100000000000000000e+02
7.291666666666667129e-02 3.270000000000000000e+02
7.986111111111111882e-02 3.840000000000000000e+02
8.680555555555556635e-02 4.600000000000000000e+02
9.375000000000000000e-02 5.170000000000000000e+02
1.006944444444444337e-01 5.990000000000000000e+02
1.076388888888888951e-01 6.550000000000000000e+02
1.145833333333333287e-01 7.540000000000000000e+02
1.215277777777777762e-01 8.160000000000000000e+02
1.284722222222222376e-01 8.410000000000000000e+02
1.354166666666666574e-01 8.640000000000000000e+02
1.423611111111111049e-01 1.005000000000000000e+03
1.493055555555555525e-01 1.050000000000000000e+03
1.562500000000000000e-01 1.143000000000000000e+03
1.631944444444444475e-01 1.190000000000000000e+03
1.701388888888888673e-01 1.278000000000000000e+03
1.770833333333333426e-01 1.371000000000000000e+03
1.840277777777777901e-01 1.429000000000000000e+03
1.909722222222222099e-01 1.529000000000000000e+03
1.979166666666666574e-01 1.516000000000000000e+03
2.048611111111111327e-01 1.614000000000000000e+03
2.118055555555555525e-01 1.693000000000000000e+03
2.187500000000000000e-01 1.887000000000000000e+03
2.256944444444444475e-01 1.856000000000000000e+03
2.326388888888888673e-01 1.921000000000000000e+03
2.395833333333333426e-01 1.952000000000000000e+03
2.465277777777777901e-01 2.041000000000000000e+03
2.534722222222222099e-01 2.074000000000000000e+03
2.604166666666666852e-01 2.212000000000000000e+03
2.673611111111111049e-01 2.173000000000000000e+03
2.743055555555555247e-01 2.294000000000000000e+03
2.812500000000000000e-01 2.368000000000000000e+03
2.881944444444444753e-01 2.397000000000000000e+03
2.951388888888888951e-01 2.529000000000000000e+03
3.020833333333333148e-01 2.660000000000000000e+03
3.090277777777777901e-01 2.645000000000000000e+03
3.159722222222222099e-01 2.739000000000000000e+03
3.229166666666666852e-01 2.824000000000000000e+03
3.298611111111111049e-01 2.791000000000000000e+03
3.368055555555555802e-01 2.881000000000000000e+03
3.437500000000000000e-01 2.955000000000000000e+03
3.506944444444444198e-01 3.008000000000000000e+03
3.576388888888888951e-01 3.002000000000000000e+03
3.645833333333333148e-01 3.054000000000000000e+03
3.715277777777777346e-01 3.273000000000000000e+03
3.784722222222222654e-01 3.240000000000000000e+03
3.854166666666666852e-01 3.349000000000000000e+03
3.923611111111111049e-01 3.337000000000000000e+03
3.993055555555555802e-01 3.429000000000000000e+03
4.062500000000000000e-01 3.516000000000000000e+03
4.131944444444444198e-01 3.583000000000000000e+03
4.201388888888888951e-01 3.622000000000000000e+03
4.270833333333333148e-01 3.630000000000000000e+03
4.340277777777777346e-01 3.736000000000000000e+03
4.409722222222222654e-01 3.680000000000000000e+03
4.479166666666666852e-01 3.831000000000000000e+03
4.548611111111111049e-01 3.923000000000000000e+03
4.618055555555555802e-01 3.969000000000000000e+03
4.687500000000000000e-01 3.980000000000000000e+03
4.756944444444444198e-01 4.038000000000000000e+03
4.826388888888888951e-01 4.052000000000000000e+03
4.895833333333333148e-01 4.056000000000000000e+03
4.965277777777777346e-01 4.190000000000000000e+03
5.034722222222222099e-01 4.237000000000000000e+03
5.104166666666666297e-01 4.232000000000000000e+03
5.173611111111110494e-01 4.283000000000000000e+03
5.243055555555555802e-01 4.314000000000000000e+03
5.312500000000000000e-01 4.315000000000000000e+03
5.381944444444444198e-01 4.518000000000000000e+03
5.451388888888889506e-01 4.519000000000000000e+03
5.520833333333333703e-01 4.488000000000000000e+03
5.590277777777777901e-01 4.519000000000000000e+03
5.659722222222222099e-01 4.721000000000000000e+03
5.729166666666666297e-01 4.663000000000000000e+03
5.798611111111110494e-01 4.533000000000000000e+03
5.868055555555555802e-01 4.813000000000000000e+03
5.937500000000000000e-01 4.796000000000000000e+03
6.006944444444444198e-01 4.685000000000000000e+03
6.076388888888889506e-01 4.819000000000000000e+03
6.145833333333333703e-01 4.833000000000000000e+03
6.215277777777777901e-01 4.937000000000000000e+03
6.284722222222222099e-01 5.003000000000000000e+03
6.354166666666666297e-01 4.964000000000000000e+03
6.423611111111110494e-01 4.965000000000000000e+03
6.493055555555555802e-01 5.061000000000000000e+03
6.562500000000000000e-01 5.161000000000000000e+03
6.631944444444444198e-01 5.152000000000000000e+03
6.701388888888888395e-01 5.113000000000000000e+03
6.770833333333333703e-01 5.297000000000000000e+03
6.840277777777777901e-01 5.188000000000000000e+03
6.909722222222222099e-01 5.298000000000000000e+03
6.979166666666666297e-01 5.333000000000000000e+03
7.048611111111111605e-01 5.394000000000000000e+03
7.118055555555554692e-01 5.337000000000000000e+03
7.187500000000000000e-01 5.418000000000000000e+03
7.256944444444445308e-01 5.446000000000000000e+03
7.326388888888888395e-01 5.381000000000000000e+03
7.395833333333333703e-01 5.521000000000000000e+03
7.465277777777777901e-01 5.602000000000000000e+03
7.534722222222222099e-01 5.569000000000000000e+03
7.604166666666666297e-01 5.598000000000000000e+03
7.673611111111111605e-01 5.595000000000000000e+03
7.743055555555554692e-01 5.632000000000000000e+03
7.812500000000000000e-01 5.840000000000000000e+03
7.881944444444445308e-01 5.598000000000000000e+03
7.951388888888888395e-01 5.838000000000000000e+03
8.020833333333333703e-01 5.805000000000000000e+03
8.090277777777777901e-01 5.843000000000000000e+03
8.159722222222222099e-01 5.944000000000000000e+03
8.229166666666666297e-01 5.855000000000000000e+03
8.298611111111111605e-01 5.968000000000000000e+03
8.368055555555554692e-01 5.891000000000000000e+03
8.437500000000000000e-01 6.026000000000000000e+03
8.506944444444445308e-01 5.904000000000000000e+03
8.576388888888888395e-01 6.011000000000000000e+03
8.645833333333333703e-01 6.130000000000000000e+03
8.715277777777777901e-01 6.104000000000000000e+03
8.784722222222222099e-01 6.065000000000000000e+03
8.854166666666666297e-01 6.218000000000000000e+03
8.923611111111111605e-01 6.090000000000000000e+03
8.993055555555554692e-01 6.235000000000000000e+03
9.062500000000000000e-01 6.107000000000000000e+03
9.131944444444445308e-01 6.233000000000000000e+03
9.201388888888888395e-01 6.446000000000000000e+03
9.270833333333333703e-01 6.242000000000000000e+03
9.340277777777777901e-01 6.184000000000000000e+03
9.409722222222222099e-01 6.209000000000000000e+03
9.479166666666666297e-01 6.196000000000000000e+03
9.548611111111111605e-01 6.321000000000000000e+03
9.618055555555554692e-01 6.384000000000000000e+03
9.687500000000000000e-01 6.321000000000000000e+03
9.756944444444445308e-01 6.403000000000000000e+03
9.826388888888888395e-01 6.315000000000000000e+03
9.895833333333333703e-01 6.474000000000000000e+03
9.965277777777777901e-01 6.260000000000000000e+03
1.003472222222222099e+00 6.322000000000000000e+03
1.010416666666666741e+00 6.487000000000000000e+03
1.017361111111111160e+00 6.461000000000000000e+03
1.024305555555555580e+00 6.425000000000000000e+03
1.031250000000000000e+00 6.570000000000000000e+03
1.038194444444444420e+00 6.503000000000000000e+03
1.045138888888888840e+00 6.435000000000000000e+03
1.052083333333333259e+00 6.514000000000000000e+03
1.059027777777777901e+00 6.562000000000000000e+03
1.065972222222222099e+00 6.493000000000000000e+03
1.072916666666666741e+00 6.494000000000000000e+03
1.079861111111111160e+00 6.641000000000000000e+03
1.086805555555555580e+00 6.639000000000000000e+03
1.093750000000000000e+00 6.594000000000000000e+03
1.100694444444444420e+00 6.560000000000000000e+03
1.107638888888888840e+00 6.739000000000000000e+03
1.114583333333333259e+00 6.492000000000000000e+03
1.121527777777777901e+00 6.683000000000000000e+03
1.128472222222222099e+00 6.635000000000000000e+03
1.135416666666666741e+00 6.795000000000000000e+03
1.142361111111111160e+00 6.704000000000000000e+03
1.149305555555555580e+00 6.745000000000000000e+03
1.156250000000000000e+00 6.719000000000000000e+03
1.163194444444444420e+00 6.711000000000000000e+03
1.170138888888888840e+00 6.750000000000000000e+03
1.177083333333333259e+00 6.814000000000000000e+03
1.184027777777777901e+00 6.864000000000000000e+03
1.190972222222222099e+00 7.006000000000000000e+03
1.197916666666666741e+00 6.786000000000000000e+03
1.204861111111111160e+00 6.726000000000000000e+03
1.211805555555555580e+00 6.683000000000000000e+03
1.218750000000000000e+00 6.934000000000000000e+03
1.225694444444444420e+00 6.837000000000000000e+03
1.232638888888888840e+00 6.808000000000000000e+03
1.239583333333333259e+00 6.957000000000000000e+03
1.246527777777777901e+00 6.813000000000000000e+03
1.253472222222222099e+00 6.922000000000000000e+03
1.260416666666666741e+00 6.999000000000000000e+03
1.267361111111111160e+00 6.950000000000000000e+03
1.274305555555555580e+00 6.867000000000000000e+03
1.281250000000000000e+00 6.991000000000000000e+03
1.288194444444444420e+00 6.823000000000000000e+03
1.295138888888888840e+00 7.071000000000000000e+03
1.302083333333333259e+00 6.816000000000000000e+03
1.309027777777777901e+00 6.947000000000000000e+03
1.315972222222222099e+00 6.883000000000000000e+03
1.322916666666666741e+00 6.971000000000000000e+03
1.329861111111111160e+00 6.947000000000000000e+03
1.336805555555555580e+00 6.988000000000000000e+03
1.343750000000000000e+00 6.851000000000000000e+03
1.350694444444444420e+00 7.003000000000000000e+03
1.357638888888889062e+00 7.059000000000000000e+03
1.364583333333333259e+00 7.059000000000000000e+03
1.371527777777777679e+00 7.090000000000000000e+03
1.378472222222222321e+00 7.090000000000000000e+03
1.385416666666666741e+00 7.169000000000000000e+03
1.392361111111110938e+00 7.009000000000000000e+03
1.399305555555555580e+00 6.855000000000000000e+03
1.406250000000000000e+00 6.979000000000000000e+03
1.413194444444444420e+00 6.961000000000000000e+03
1.420138888888889062e+00 7.058000000000000000e+03
1.427083333333333259e+00 6.974000000000000000e+03
1.434027777777777679e+00 7.116000000000000000e+03
1.440972222222222321e+00 7.103000000000000000e+03
1.447916666666666741e+00 7.146000000000000000e+03
1.454861111111110938e+00 7.073000000000000000e+03
1.461805555555555580e+00 7.064000000000000000e+03
1.468750000000000000e+00 7.214000000000000000e+03
1.475694444444444420e+00 7.107000000000000000e+03
1.482638888888889062e+00 7.058000000000000000e+03
1.489583333333333259e+00 7.181000000000000000e+03
1.496527777777777679e+00 7.157000000000000000e+03
1.503472222222222321e+00 7.134000000000000000e+03
1.510416666666666741e+00 7.204000000000000000e+03
1.517361111111110938e+00 7.052000000000000000e+03
1.524305555555555580e+00 7.088000000000000000e+03
1.531250000000000000e+00 7.226000000000000000e+03
1.538194444444444420e+00 7.216000000000000000e+03
1.545138888888889062e+00 7.106000000000000000e+03
1.552083333333333259e+00 7.034000000000000000e+03
1.559027777777777679e+00 7.101000000000000000e+03
1.565972222222222321e+00 7.187000000000000000e+03
1.572916666666666741e+00 7.113000000000000000e+03
1.579861111111110938e+00 7.106000000000000000e+03
1.586805555555555580e+00 7.081000000000000000e+03
1.593750000000000000e+00 7.168000000000000000e+03
1.600694444444444420e+00 7.200000000000000000e+03
1.607638888888889062e+00 7.093000000000000000e+03
1.614583333333333259e+00 7.206000000000000000e+03
1.621527777777777679e+00 7.310000000000000000e+03
1.628472222222222321e+00 7.032000000000000000e+03
1.635416666666666741e+00 7.099000000000000000e+03
1.642361111111110938e+00 7.198000000000000000e+03
1.649305555555555580e+00 7.225000000000000000e+03
1.656250000000000000e+00 7.259000000000000000e+03
1.663194444444444420e+00 7.175000000000000000e+03
1.670138888888889062e+00 7.006000000000000000e+03
1.677083333333333259e+00 7.097000000000000000e+03
1.684027777777777679e+00 7.139000000000000000e+03
1.690972222222222321e+00 7.255000000000000000e+03
1.697916666666666741e+00 7.159000000000000000e+03
1.704861111111110938e+00 7.110000000000000000e+03
1.711805555555555580e+00 7.171000000000000000e+03
1.718750000000000000e+00 7.213000000000000000e+03
1.725694444444444420e+00 7.287000000000000000e+03
1.732638888888889062e+00 7.068000000000000000e+03
1.739583333333333259e+00 7.284000000000000000e+03
1.746527777777777679e+00 7.255000000000000000e+03
1.753472222222222321e+00 7.037000000000000000e+03
1.760416666666666741e+00 7.001000000000000000e+03
1.767361111111110938e+00 7.073000000000000000e+03
1.774305555555555580e+00 7.079000000000000000e+03
1.781250000000000000e+00 7.147000000000000000e+03
1.788194444444444420e+00 7.038000000000000000e+03
1.795138888888889062e+00 7.015000000000000000e+03
1.802083333333333259e+00 7.124000000000000000e+03
1.809027777777777679e+00 7.062000000000000000e+03
1.815972222222222321e+00 7.109000000000000000e+03
1.822916666666666741e+00 7.170000000000000000e+03
1.829861111111110938e+00 7.206000000000000000e+03
1.836805555555555580e+00 7.003000000000000000e+03
1.843750000000000000e+00 7.098000000000000000e+03
1.850694444444444420e+00 7.246000000000000000e+03
1.857638888888889062e+00 7.192000000000000000e+03
1.864583333333333259e+00 7.203000000000000000e+03
1.871527777777777679e+00 7.031000000000000000e+03
1.878472222222222321e+00 7.067000000000000000e+03
1.885416666666666741e+00 7.174000000000000000e+03
1.892361111111110938e+00 7.192000000000000000e+03
1.899305555555555580e+00 7.077000000000000000e+03
1.906250000000000000e+00 7.224000000000000000e+03
1.913194444444444420e+00 7.117000000000000000e+03
1.920138888888889062e+00 7.103000000000000000e+03
1.927083333333333259e+00 7.012000000000000000e+03
1.934027777777777679e+00 7.020000000000000000e+03
1.940972222222222321e+00 7.024000000000000000e+03
1.947916666666666741e+00 7.089000000000000000e+03
1.954861111111110938e+00 7.157000000000000000e+03
1.961805555555555580e+00 7.017000000000000000e+03
1.968750000000000000e+00 7.158000000000000000e+03
1.975694444444444420e+00 7.185000000000000000e+03
1.982638888888889062e+00 7.001000000000000000e+03
1.989583333333333259e+00 7.013000000000000000e+03
1.996527777777777679e+00 7.009000000000000000e+03
2.003472222222222321e+00 7.096000000000000000e+03
2.010416666666666519e+00 7.137000000000000000e+03
2.017361111111111160e+00 7.006000000000000000e+03
2.024305555555555802e+00 7.002000000000000000e+03
2.031250000000000000e+00 7.127000000000000000e+03
2.038194444444444198e+00 7.013000000000000000e+03
2.045138888888888840e+00 7.018000000000000000e+03
2.052083333333333481e+00 6.994000000000000000e+03
2.059027777777777679e+00 6.957000000000000000e+03
2.065972222222222321e+00 7.085000000000000000e+03
2.072916666666666519e+00 6.930000000000000000e+03
2.079861111111111160e+00 7.107000000000000000e+03
2.086805555555555802e+00 6.999000000000000000e+03
2.093750000000000000e+00 7.081000000000000000e+03
2.100694444444444198e+00 7.068000000000000000e+03
2.107638888888888840e+00 6.978000000000000000e+03
2.114583333333333481e+00 6.970000000000000000e+03
2.121527777777777679e+00 6.969000000000000000e+03
2.128472222222222321e+00 7.027000000000000000e+03
2.135416666666666519e+00 7.081000000000000000e+03
2.142361111111111160e+00 7.009000000000000000e+03
2.149305555555555802e+00 6.970000000000000000e+03
2.156250000000000000e+00 7.045000000000000000e+03
2.163194444444444198e+00 7.012000000000000000e+03
2.170138888888888840e+00 7.061000000000000000e+03
2.177083333333333481e+00 6.932000000000000000e+03
2.184027777777777679e+00 7.082000000000000000e+03
2.190972222222222321e+00 7.056000000000000000e+03
2.197916666666666519e+00 6.971000000000000000e+03
2.204861111111111160e+00 6.993000000000000000e+03
2.211805555555555802e+00 7.085000000000000000e+03
2.218750000000000000e+00 6.877000000000000000e+03
2.225694444444444198e+00 6.988000000000000000e+03
2.232638888888888840e+00 6.894000000000000000e+03
2.239583333333333481e+00 6.858000000000000000e+03
2.246527777777777679e+00 6.863000000000000000e+03
2.253472222222222321e+00 6.921000000000000000e+03
2.260416666666666519e+00 6.907000000000000000e+03
2.267361111111111160e+00 6.862000000000000000e+03
2.274305555555555802e+00 6.825000000000000000e+03
2.281250000000000000e+00 6.815000000000000000e+03
2.288194444444444198e+00 6.862000000000000000e+03
2.295138888888888840e+00 6.718000000000000000e+03
2.302083333333333481e+00 6.784000000000000000e+03
2.309027777777777679e+00 6.768000000000000000e+03
2.315972222222222321e+00 6.735000000000000000e+03
2.322916666666666519e+00 6.843000000000000000e+03
2.329861111111111160e+00 6.895000000000000000e+03
2.336805555555555802e+00 6.727000000000000000e+03
2.343750000000000000e+00 6.767000000000000000e+03
2.350694444444444198e+00 6.863000000000000000e+03
2.357638888888888840e+00 6.920000000000000000e+03
2.364583333333333481e+00 6.706000000000000000e+03
2.371527777777777679e+00 6.735000000000000000e+03
2.378472222222222321e+00 6.670000000000000000e+03
2.385416666666666519e+00 6.901000000000000000e+03
2.392361111111111160e+00 6.712000000000000000e+03
2.399305555555555802e+00 6.923000000000000000e+03
2.406250000000000000e+00 6.727000000000000000e+03
2.413194444444444198e+00 6.691000000000000000e+03
2.420138888888888840e+00 6.891000000000000000e+03
2.427083333333333481e+00 6.680000000000000000e+03
2.434027777777777679e+00 6.851000000000000000e+03
2.440972222222222321e+00 6.702000000000000000e+03
2.447916666666666519e+00 6.692000000000000000e+03
2.454861111111111160e+00 6.706000000000000000e+03
2.461805555555555802e+00 6.808000000000000000e+03
2.468750000000000000e+00 6.709000000000000000e+03
2.475694444444444198e+00 6.761000000000000000e+03
2.482638888888888840e+00 6.818000000000000000e+03
2.489583333333333481e+00 6.673000000000000000e+03
2.496527777777777679e+00 6.832000000000000000e+03
2.503472222222222321e+00 6.712000000000000000e+03
2.510416666666666519e+00 6.660000000000000000e+03
2.517361111111111160e+00 6.700000000000000000e+03
2.524305555555555802e+00 6.574000000000000000e+03
2.531250000000000000e+00 6.721000000000000000e+03
2.538194444444444198e+00 6.663000000000000000e+03
2.545138888888888840e+00 6.681000000000000000e+03
2.552083333333333481e+00 6.549000000000000000e+03
2.559027777777777679e+00 6.558000000000000000e+03
2.565972222222222321e+00 6.634000000000000000e+03
2.572916666666666519e+00 6.802000000000000000e+03
2.579861111111111160e+00 6.542000000000000000e+03
2.586805555555555802e+00 6.628000000000000000e+03
2.593750000000000000e+00 6.544000000000000000e+03
2.600694444444444198e+00 6.569000000000000000e+03
2.607638888888888840e+00 6.549000000000000000e+03
2.614583333333333481e+00 6.514000000000000000e+03
2.621527777777777679e+00 6.513000000000000000e+03
2.628472222222222321e+00 5.872000000000000000e+03
2.635416666666666519e+00 6.620000000000000000e+03
2.642361111111111160e+00 6.474000000000000000e+03
2.649305555555555802e+00 6.565000000000000000e+03
2.656250000000000000e+00 6.514000000000000000e+03
2.663194444444444198e+00 6.576000000000000000e+03
2.670138888888888840e+00 6.538000000000000000e+03
2.677083333333333481e+00 6.592000000000000000e+03
2.684027777777778123e+00 6.442000000000000000e+03
2.690972222222221877e+00 6.666000000000000000e+03
2.697916666666666519e+00 6.529000000000000000e+03
2.704861111111111160e+00 6.440000000000000000e+03
2.711805555555555358e+00 6.369000000000000000e+03
2.718750000000000000e+00 6.371000000000000000e+03
2.725694444444444642e+00 6.464000000000000000e+03
2.732638888888888840e+00 6.469000000000000000e+03
2.739583333333333481e+00 6.442000000000000000e+03
2.746527777777778123e+00 6.477000000000000000e+03
2.753472222222221877e+00 6.381000000000000000e+03
2.760416666666666519e+00 6.329000000000000000e+03
2.767361111111111160e+00 6.365000000000000000e+03
2.774305555555555358e+00 6.243000000000000000e+03
2.781250000000000000e+00 6.395000000000000000e+03
2.788194444444444642e+00 6.290000000000000000e+03
2.795138888888888840e+00 6.340000000000000000e+03
2.802083333333333481e+00 6.237000000000000000e+03
2.809027777777778123e+00 6.490000000000000000e+03
2.815972222222221877e+00 6.419000000000000000e+03
2.822916666666666519e+00 6.443000000000000000e+03
2.829861111111111160e+00 6.339000000000000000e+03
2.836805555555555358e+00 6.452000000000000000e+03
2.843750000000000000e+00 6.420000000000000000e+03
2.850694444444444642e+00 6.247000000000000000e+03
2.857638888888888840e+00 6.373000000000000000e+03
2.864583333333333481e+00 6.122000000000000000e+03
2.871527777777778123e+00 6.325000000000000000e+03
2.878472222222221877e+00 6.406000000000000000e+03
2.885416666666666519e+00 6.423000000000000000e+03
2.892361111111111160e+00 6.366000000000000000e+03
2.899305555555555358e+00 6.341000000000000000e+03
2.906250000000000000e+00 6.293000000000000000e+03
2.913194444444444642e+00 6.156000000000000000e+03
2.920138888888888840e+00 6.341000000000000000e+03
2.927083333333333481e+00 6.241000000000000000e+03
2.934027777777778123e+00 6.177000000000000000e+03
2.940972222222221877e+00 6.229000000000000000e+03
2.947916666666666519e+00 6.078000000000000000e+03
2.954861111111111160e+00 6.273000000000000000e+03
2.961805555555555358e+00 6.354000000000000000e+03
2.968750000000000000e+00 6.189000000000000000e+03
2.975694444444444642e+00 6.310000000000000000e+03
2.982638888888888840e+00 6.352000000000000000e+03
2.989583333333333481e+00 6.243000000000000000e+03
2.996527777777778123e+00 6.061000000000000000e+03
3.003472222222221877e+00 6.125000000000000000e+03
3.010416666666666519e+00 6.173000000000000000e+03
3.017361111111111160e+00 6.265000000000000000e+03
3.024305555555555358e+00 6.065000000000000000e+03
3.031250000000000000e+00 6.125000000000000000e+03
3.038194444444444642e+00 6.097000000000000000e+03
3.045138888888888840e+00 6.075000000000000000e+03
3.052083333333333481e+00 6.034000000000000000e+03
3.059027777777778123e+00 6.127000000000000000e+03
3.065972222222221877e+00 6.273000000000000000e+03
3.072916666666666519e+00 6.074000000000000000e+03
3.079861111111111160e+00 6.133000000000000000e+03
3.086805555555555358e+00 6.048000000000000000e+03
3.093750000000000000e+00 6.060000000000000000e+03
3.100694444444444642e+00 6.016000000000000000e+03
3.107638888888888840e+00 6.007000000000000000e+03
3.114583333333333481e+00 6.201000000000000000e+03
3.121527777777778123e+00 5.892000000000000000e+03
3.128472222222221877e+00 5.897000000000000000e+03
3.135416666666666519e+00 5.999000000000000000e+03
3.142361111111111160e+00 5.896000000000000000e+03
3.149305555555555358e+00 6.238000000000000000e+03
3.156250000000000000e+00 6.119000000000000000e+03
3.163194444444444642e+00 6.083000000000000000e+03
3.170138888888888840e+00 6.030000000000000000e+03
3.177083333333333481e+00 6.009000000000000000e+03
3.184027777777778123e+00 5.849000000000000000e+03
3.190972222222221877e+00 6.029000000000000000e+03
3.197916666666666519e+00 5.948000000000000000e+03
3.204861111111111160e+00 6.048000000000000000e+03
3.211805555555555358e+00 6.001000000000000000e+03
3.218750000000000000e+00 6.011000000000000000e+03
3.225694444444444642e+00 6.006000000000000000e+03
3.232638888888888840e+00 5.939000000000000000e+03
3.239583333333333481e+00 5.993000000000000000e+03
3.246527777777778123e+00 5.856000000000000000e+03
3.253472222222221877e+00 5.762000000000000000e+03
3.260416666666666519e+00 5.897000000000000000e+03
3.267361111111111160e+00 5.906000000000000000e+03
3.274305555555555358e+00 5.828000000000000000e+03
3.281250000000000000e+00 5.785000000000000000e+03
3.288194444444444642e+00 5.963000000000000000e+03
3.295138888888888840e+00 5.818000000000000000e+03
3.302083333333333481e+00 5.961000000000000000e+03
3.309027777777778123e+00 5.725000000000000000e+03
3.315972222222221877e+00 5.963000000000000000e+03
3.322916666666666519e+00 5.751000000000000000e+03
3.329861111111111160e+00 5.867000000000000000e+03
3.336805555555555358e+00 5.838000000000000000e+03
3.343750000000000000e+00 5.970000000000000000e+03
3.350694444444444642e+00 5.840000000000000000e+03
3.357638888888888840e+00 5.910000000000000000e+03
3.364583333333333481e+00 5.793000000000000000e+03
3.371527777777778123e+00 5.809000000000000000e+03
3.378472222222221877e+00 5.812000000000000000e+03
3.385416666666666519e+00 5.809000000000000000e+03
3.392361111111111160e+00 5.848000000000000000e+03
3.399305555555555358e+00 5.830000000000000000e+03
3.406250000000000000e+00 5.720000000000000000e+03
3.413194444444444642e+00 5.785000000000000000e+03
3.420138888888888840e+00 5.771000000000000000e+03
3.427083333333333481e+00 5.669000000000000000e+03
3.434027777777778123e+00 5.704000000000000000e+03
3.440972222222221877e+00 5.704000000000000000e+03
3.447916666666666519e+00 5.757000000000000000e+03
3.454861111111111160e+00 5.760000000000000000e+03
3.461805555555555358e+00 5.801000000000000000e+03
3.468750000000000000e+00 5.752000000000000000e+03
3.475694444444444642e+00 5.738000000000000000e+03
3.482638888888888840e+00 5.738000000000000000e+03
3.489583333333333481e+00 5.655000000000000000e+03
3.496527777777778123e+00 5.608000000000000000e+03
3.503472222222221877e+00 5.645000000000000000e+03
3.510416666666666519e+00 5.763000000000000000e+03
3.517361111111111160e+00 5.622000000000000000e+03
3.524305555555555358e+00 5.757000000000000000e+03
3.531250000000000000e+00 5.600000000000000000e+03
3.538194444444444642e+00 5.695000000000000000e+03
3.545138888888888840e+00 5.667000000000000000e+03
3.552083333333333481e+00 5.770000000000000000e+03
3.559027777777778123e+00 5.419000000000000000e+03
3.565972222222221877e+00 5.561000000000000000e+03
3.572916666666666519e+00 5.549000000000000000e+03
3.579861111111111160e+00 5.633000000000000000e+03
3.586805555555555358e+00 5.468000000000000000e+03
3.593750000000000000e+00 5.589000000000000000e+03
3.600694444444444642e+00 5.513000000000000000e+03
3.607638888888888840e+00 5.636000000000000000e+03
3.614583333333333481e+00 5.438000000000000000e+03
3.621527777777778123e+00 5.480000000000000000e+03
3.628472222222221877e+00 5.599000000000000000e+03
3.635416666666666519e+00 5.609000000000000000e+03
3.642361111111111160e+00 5.501000000000000000e+03
3.649305555555555358e+00 5.624000000000000000e+03
3.656250000000000000e+00 5.522000000000000000e+03
3.663194444444444642e+00 5.493000000000000000e+03
3.670138888888888840e+00 5.504000000000000000e+03
3.677083333333333481e+00 5.653000000000000000e+03
3.684027777777778123e+00 5.444000000000000000e+03
3.690972222222221877e+00 5.426000000000000000e+03
3.697916666666666519e+00 5.386000000000000000e+03
3.704861111111111160e+00 5.563000000000000000e+03
3.711805555555555358e+00 5.429000000000000000e+03
3.718750000000000000e+00 5.617000000000000000e+03
3.725694444444444642e+00 5.347000000000000000e+03
3.732638888888888840e+00 5.593000000000000000e+03
3.739583333333333481e+00 5.287000000000000000e+03
3.746527777777778123e+00 5.316000000000000000e+03
3.753472222222221877e+00 5.479000000000000000e+03
3.760416666666666519e+00 5.419000000000000000e+03
3.767361111111111160e+00 5.506000000000000000e+03
3.774305555555555358e+00 5.391000000000000000e+03
3.781250000000000000e+00 5.562000000000000000e+03
3.788194444444444642e+00 5.385000000000000000e+03
3.795138888888888840e+00 5.370000000000000000e+03
3.802083333333333481e+00 5.341000000000000000e+03
3.809027777777778123e+00 5.355000000000000000e+03
3.815972222222221877e+00 5.275000000000000000e+03
3.822916666666666519e+00 5.453000000000000000e+03
3.829861111111111160e+00 5.359000000000000000e+03
3.836805555555555358e+00 5.337000000000000000e+03
3.843750000000000000e+00 5.233000000000000000e+03
3.850694444444444642e+00 5.309000000000000000e+03
3.857638888888888840e+00 5.213000000000000000e+03
3.864583333333333481e+00 5.271000000000000000e+03
3.871527777777778123e+00 5.341000000000000000e+03
3.878472222222221877e+00 5.327000000000000000e+03
3.885416666666666519e+00 5.375000000000000000e+03
3.892361111111111160e+00 5.312000000000000000e+03
3.899305555555555358e+00 5.417000000000000000e+03
3.906250000000000000e+00 5.253000000000000000e+03
3.913194444444444642e+00 5.116000000000000000e+03
3.920138888888888840e+00 5.183000000000000000e+03
3.927083333333333481e+00 5.171000000000000000e+03
3.934027777777778123e+00 5.304000000000000000e+03
3.940972222222221877e+00 5.190000000000000000e+03
3.947916666666666519e+00 5.231000000000000000e+03
3.954861111111111160e+00 5.220000000000000000e+03
3.961805555555555358e+00 5.246000000000000000e+03
3.968750000000000000e+00 5.205000000000000000e+03
3.975694444444444642e+00 5.131000000000000000e+03
3.982638888888888840e+00 5.196000000000000000e+03
3.989583333333333481e+00 5.185000000000000000e+03
3.996527777777778123e+00 5.243000000000000000e+03
4.003472222222222321e+00 5.253000000000000000e+03
4.010416666666666963e+00 5.238000000000000000e+03
4.017361111111111605e+00 5.199000000000000000e+03
4.024305555555555358e+00 5.328000000000000000e+03
4.031250000000000000e+00 5.071000000000000000e+03
4.038194444444444642e+00 5.165000000000000000e+03
4.045138888888888395e+00 5.166000000000000000e+03
4.052083333333333037e+00 5.006000000000000000e+03
4.059027777777777679e+00 5.157000000000000000e+03
4.065972222222222321e+00 5.045000000000000000e+03
4.072916666666666963e+00 5.137000000000000000e+03
4.079861111111111605e+00 5.097000000000000000e+03
4.086805555555555358e+00 5.169000000000000000e+03
4.093750000000000000e+00 5.038000000000000000e+03
4.100694444444444642e+00 5.201000000000000000e+03
4.107638888888888395e+00 5.199000000000000000e+03
4.114583333333333037e+00 5.266000000000000000e+03
4.121527777777777679e+00 4.993000000000000000e+03
4.128472222222222321e+00 4.946000000000000000e+03
4.135416666666666963e+00 5.079000000000000000e+03
4.142361111111111605e+00 5.026000000000000000e+03
4.149305555555555358e+00 5.148000000000000000e+03
4.156250000000000000e+00 5.112000000000000000e+03
4.163194444444444642e+00 5.071000000000000000e+03
4.170138888888888395e+00 5.001000000000000000e+03
4.177083333333333037e+00 5.075000000000000000e+03
4.184027777777777679e+00 5.061000000000000000e+03
4.190972222222222321e+00 4.937000000000000000e+03
4.197916666666666963e+00 5.161000000000000000e+03
4.204861111111111605e+00 4.971000000000000000e+03
4.211805555555555358e+00 4.974000000000000000e+03
4.218750000000000000e+00 4.956000000000000000e+03
4.225694444444444642e+00 4.953000000000000000e+03
4.232638888888888395e+00 4.936000000000000000e+03
4.239583333333333037e+00 4.887000000000000000e+03
4.246527777777777679e+00 4.959000000000000000e+03
4.253472222222222321e+00 5.000000000000000000e+03
4.260416666666666963e+00 4.949000000000000000e+03
4.267361111111111605e+00 4.951000000000000000e+03
4.274305555555555358e+00 4.868000000000000000e+03
4.281250000000000000e+00 4.848000000000000000e+03
4.288194444444444642e+00 4.863000000000000000e+03
4.295138888888888395e+00 4.842000000000000000e+03
4.302083333333333037e+00 4.848000000000000000e+03
4.309027777777777679e+00 4.864000000000000000e+03
4.315972222222222321e+00 4.877000000000000000e+03
4.322916666666666963e+00 4.868000000000000000e+03
4.329861111111111605e+00 4.848000000000000000e+03
4.336805555555555358e+00 4.852000000000000000e+03
4.343750000000000000e+00 4.825000000000000000e+03
4.350694444444444642e+00 4.888000000000000000e+03
4.357638888888888395e+00 4.905000000000000000e+03
4.364583333333333037e+00 4.874000000000000000e+03
4.371527777777777679e+00 4.784000000000000000e+03
4.378472222222222321e+00 4.849000000000000000e+03
4.385416666666666963e+00 4.782000000000000000e+03
4.392361111111111605e+00 4.942000000000000000e+03
4.399305555555555358e+00 4.759000000000000000e+03
4.406250000000000000e+00 4.740000000000000000e+03
4.413194444444444642e+00 4.683000000000000000e+03
4.420138888888888395e+00 4.809000000000000000e+03
4.427083333333333037e+00 4.848000000000000000e+03
4.434027777777777679e+00 4.653000000000000000e+03
4.440972222222222321e+00 4.755000000000000000e+03
4.447916666666666963e+00 4.844000000000000000e+03
4.454861111111111605e+00 4.682000000000000000e+03
4.461805555555555358e+00 4.717000000000000000e+03
4.468750000000000000e+00 4.751000000000000000e+03
4.475694444444444642e+00 4.847000000000000000e+03
4.482638888888888395e+00 4.716000000000000000e+03
4.489583333333333037e+00 4.743000000000000000e+03
4.496527777777777679e+00 4.819000000000000000e+03
4.503472222222222321e+00 4.598000000000000000e+03
4.510416666666666963e+00 4.692000000000000000e+03
4.517361111111111605e+00 4.685000000000000000e+03
4.524305555555555358e+00 4.716000000000000000e+03
4.531250000000000000e+00 4.723000000000000000e+03
4.538194444444444642e+00 4.635000000000000000e+03
4.545138888888888395e+00 4.727000000000000000e+03
4.552083333333333037e+00 4.695000000000000000e+03
4.559027777777777679e+00 4.613000000000000000e+03
4.565972222222222321e+00 4.705000000000000000e+03
4.572916666666666963e+00 4.675000000000000000e+03
4.579861111111111605e+00 4.653000000000000000e+03
4.586805555555555358e+00 4.618000000000000000e+03
4.593750000000000000e+00 4.631000000000000000e+03
4.600694444444444642e+00 4.715000000000000000e+03
4.607638888888888395e+00 4.644000000000000000e+03
4.614583333333333037e+00 4.599000000000000000e+03
4.621527777777777679e+00 4.602000000000000000e+03
4.628472222222222321e+00 4.518000000000000000e+03
4.635416666666666963e+00 4.667000000000000000e+03
4.642361111111111605e+00 4.567000000000000000e+03
4.649305555555555358e+00 4.619000000000000000e+03
4.656250000000000000e+00 4.548000000000000000e+03
4.663194444444444642e+00 4.672000000000000000e+03
4.670138888888888395e+00 4.533000000000000000e+03
4.677083333333333037e+00 4.595000000000000000e+03
4.684027777777777679e+00 4.517000000000000000e+03
4.690972222222222321e+00 4.602000000000000000e+03
4.697916666666666963e+00 4.427000000000000000e+03
4.704861111111111605e+00 4.522000000000000000e+03
4.711805555555555358e+00 4.546000000000000000e+03
4.718750000000000000e+00 4.550000000000000000e+03
4.725694444444444642e+00 4.600000000000000000e+03
4.732638888888888395e+00 4.517000000000000000e+03
4.739583333333333037e+00 4.490000000000000000e+03
4.746527777777777679e+00 4.655000000000000000e+03
4.753472222222222321e+00 4.558000000000000000e+03
4.764467592592592560e+00 4.513000000000000000e+03
4.771412037037037202e+00 4.396000000000000000e+03
4.778356481481481843e+00 4.545000000000000000e+03
4.785300925925926485e+00 4.483000000000000000e+03
4.792245370370370239e+00 4.431000000000000000e+03
4.799189814814814881e+00 4.442000000000000000e+03
4.806134259259259522e+00 4.336000000000000000e+03
4.813078703703703276e+00 4.526000000000000000e+03
4.820023148148147918e+00 4.391000000000000000e+03
4.826967592592592560e+00 4.274000000000000000e+03
4.833912037037037202e+00 4.451000000000000000e+03
4.840856481481481843e+00 4.465000000000000000e+03
4.847800925925926485e+00 4.402000000000000000e+03
4.854745370370370239e+00 4.357000000000000000e+03
4.861689814814814881e+00 4.450000000000000000e+03
4.868634259259259522e+00 4.421000000000000000e+03
4.875578703703703276e+00 4.443000000000000000e+03
4.882523148148147918e+00 4.593000000000000000e+03
4.889467592592592560e+00 4.562000000000000000e+03
4.896412037037037202e+00 4.432000000000000000e+03
4.903356481481481843e+00 4.443000000000000000e+03
4.910300925925926485e+00 4.470000000000000000e+03
4.917245370370370239e+00 4.418000000000000000e+03
4.924189814814814881e+00 4.216000000000000000e+03
4.931134259259259522e+00 4.454000000000000000e+03
4.938078703703703276e+00 4.408000000000000000e+03
4.945023148148147918e+00 4.331000000000000000e+03
4.951967592592592560e+00 4.516000000000000000e+03
4.958912037037037202e+00 4.326000000000000000e+03
4.965856481481481843e+00 4.312000000000000000e+03
4.972800925925926485e+00 4.250000000000000000e+03
4.979745370370370239e+00 4.362000000000000000e+03
4.986689814814814881e+00 4.370000000000000000e+03
4.993634259259259522e+00 4.410000000000000000e+03
5.000578703703703276e+00 4.288000000000000000e+03
5.007523148148147918e+00 4.329000000000000000e+03
5.014467592592592560e+00 4.321000000000000000e+03
5.021412037037037202e+00 4.393000000000000000e+03
5.028356481481481843e+00 4.359000000000000000e+03
5.035300925925926485e+00 4.316000000000000000e+03
5.042245370370370239e+00 4.175000000000000000e+03
5.049189814814814881e+00 4.128000000000000000e+03
5.056134259259259522e+00 4.303000000000000000e+03
5.063078703703703276e+00 4.407000000000000000e+03
5.070023148148147918e+00 4.179000000000000000e+03
5.076967592592592560e+00 4.306000000000000000e+03
5.083912037037037202e+00 4.243000000000000000e+03
5.090856481481481843e+00 4.205000000000000000e+03
5.097800925925926485e+00 4.279000000000000000e+03
5.104745370370370239e+00 4.169000000000000000e+03
5.111689814814814881e+00 4.326000000000000000e+03
5.118634259259259522e+00 4.144000000000000000e+03
5.125578703703703276e+00 4.116000000000000000e+03
5.132523148148147918e+00 4.144000000000000000e+03
5.139467592592592560e+00 4.216000000000000000e+03
5.146412037037037202e+00 4.052000000000000000e+03
5.153356481481481843e+00 4.104000000000000000e+03
5.160300925925926485e+00 4.235000000000000000e+03
5.167245370370370239e+00 4.145000000000000000e+03
5.174189814814814881e+00 4.199000000000000000e+03
5.181134259259259522e+00 4.217000000000000000e+03
5.188078703703703276e+00 4.202000000000000000e+03
5.195023148148147918e+00 4.236000000000000000e+03
5.201967592592592560e+00 4.120000000000000000e+03
5.208912037037037202e+00 4.126000000000000000e+03
5.215856481481481843e+00 4.033000000000000000e+03
5.222800925925926485e+00 4.182000000000000000e+03
5.229745370370370239e+00 4.025000000000000000e+03
5.236689814814814881e+00 4.112000000000000000e+03
5.243634259259259522e+00 4.051000000000000000e+03
5.250578703703703276e+00 4.115000000000000000e+03
5.257523148148147918e+00 4.064000000000000000e+03
5.264467592592592560e+00 4.092000000000000000e+03
5.271412037037037202e+00 4.128000000000000000e+03
5.278356481481481843e+00 4.034000000000000000e+03
5.285300925925926485e+00 4.092000000000000000e+03
5.292245370370370239e+00 3.988000000000000000e+03
5.299189814814814881e+00 4.160000000000000000e+03
5.306134259259259522e+00 3.883000000000000000e+03
5.313078703703703276e+00 4.046000000000000000e+03
5.320023148148147918e+00 4.064000000000000000e+03
5.326967592592592560e+00 4.099000000000000000e+03
5.333912037037037202e+00 4.038000000000000000e+03
5.340856481481480955e+00 4.019000000000000000e+03
5.347800925925926485e+00 4.100000000000000000e+03
5.354745370370370239e+00 4.044000000000000000e+03
5.361689814814813992e+00 3.986000000000000000e+03
5.368634259259259522e+00 4.010000000000000000e+03
5.375578703703703276e+00 4.013000000000000000e+03
5.382523148148147918e+00 4.046000000000000000e+03
5.389467592592592560e+00 3.984000000000000000e+03
5.396412037037037202e+00 4.109000000000000000e+03
5.403356481481480955e+00 3.998000000000000000e+03
5.410300925925926485e+00 4.063000000000000000e+03
5.417245370370370239e+00 3.995000000000000000e+03
5.424189814814813992e+00 4.000000000000000000e+03
5.431134259259259522e+00 4.153000000000000000e+03
5.438078703703703276e+00 3.947000000000000000e+03
5.445023148148147918e+00 3.915000000000000000e+03
5.451967592592592560e+00 3.854000000000000000e+03
5.458912037037037202e+00 3.938000000000000000e+03
5.465856481481480955e+00 3.915000000000000000e+03
5.472800925925926485e+00 3.932000000000000000e+03
5.479745370370370239e+00 3.985000000000000000e+03
5.486689814814813992e+00 4.060000000000000000e+03
5.493634259259259522e+00 3.934000000000000000e+03
5.500578703703703276e+00 3.952000000000000000e+03
5.507523148148147918e+00 3.933000000000000000e+03
5.514467592592592560e+00 3.925000000000000000e+03
5.521412037037037202e+00 3.850000000000000000e+03
5.528356481481480955e+00 3.884000000000000000e+03
5.535300925925926485e+00 3.875000000000000000e+03
5.542245370370370239e+00 3.858000000000000000e+03
5.549189814814813992e+00 3.988000000000000000e+03
5.556134259259259522e+00 3.784000000000000000e+03
5.563078703703703276e+00 3.983000000000000000e+03
5.570023148148147918e+00 3.791000000000000000e+03
5.576967592592592560e+00 3.850000000000000000e+03
5.583912037037037202e+00 3.809000000000000000e+03
5.590856481481480955e+00 3.709000000000000000e+03
5.597800925925926485e+00 3.832000000000000000e+03
5.604745370370370239e+00 3.873000000000000000e+03
5.611689814814813992e+00 3.780000000000000000e+03
5.618634259259259522e+00 3.741000000000000000e+03
5.625578703703703276e+00 3.890000000000000000e+03
5.632523148148147918e+00 3.944000000000000000e+03
5.639467592592592560e+00 3.793000000000000000e+03
5.646412037037037202e+00 3.875000000000000000e+03
5.653356481481480955e+00 3.725000000000000000e+03
5.660300925925926485e+00 3.843000000000000000e+03
5.667245370370370239e+00 3.722000000000000000e+03
5.674189814814813992e+00 3.813000000000000000e+03
5.681134259259259522e+00 3.720000000000000000e+03
5.688078703703703276e+00 3.726000000000000000e+03
5.695023148148147918e+00 3.731000000000000000e+03
5.701967592592592560e+00 3.800000000000000000e+03
5.708912037037037202e+00 3.713000000000000000e+03
5.715856481481480955e+00 3.659000000000000000e+03
5.722800925925926485e+00 3.747000000000000000e+03
5.729745370370370239e+00 3.765000000000000000e+03
5.736689814814813992e+00 3.620000000000000000e+03
5.743634259259259522e+00 3.778000000000000000e+03
5.750578703703703276e+00 3.682000000000000000e+03
5.757523148148147918e+00 3.731000000000000000e+03
5.764467592592592560e+00 3.789000000000000000e+03
5.771412037037037202e+00 3.678000000000000000e+03
5.778356481481480955e+00 3.612000000000000000e+03
5.785300925925926485e+00 3.728000000000000000e+03
5.792245370370370239e+00 3.670000000000000000e+03
5.799189814814813992e+00 3.671000000000000000e+03
5.806134259259259522e+00 3.696000000000000000e+03
5.813078703703703276e+00 3.576000000000000000e+03
5.820023148148147918e+00 3.657000000000000000e+03
5.826967592592592560e+00 3.608000000000000000e+03
5.833912037037037202e+00 3.696000000000000000e+03
5.840856481481480955e+00 3.651000000000000000e+03
5.847800925925926485e+00 3.633000000000000000e+03
5.854745370370370239e+00 3.764000000000000000e+03
5.861689814814813992e+00 3.619000000000000000e+03
5.868634259259259522e+00 3.622000000000000000e+03
5.875578703703703276e+00 3.721000000000000000e+03
5.882523148148147918e+00 3.465000000000000000e+03
5.889467592592592560e+00 3.674000000000000000e+03
5.896412037037037202e+00 3.590000000000000000e+03
5.903356481481480955e+00 3.647000000000000000e+03
5.910300925925926485e+00 3.697000000000000000e+03
5.917245370370370239e+00 3.570000000000000000e+03
5.924189814814813992e+00 3.634000000000000000e+03
5.931134259259259522e+00 3.649000000000000000e+03
5.938078703703703276e+00 3.580000000000000000e+03
5.945023148148147918e+00 3.619000000000000000e+03
5.951967592592592560e+00 3.588000000000000000e+03
5.958912037037037202e+00 3.634000000000000000e+03
5.965856481481480955e+00 3.542000000000000000e+03
5.972800925925926485e+00 3.697000000000000000e+03
5.979745370370370239e+00 3.563000000000000000e+03
5.986689814814813992e+00 3.553000000000000000e+03
5.993634259259259522e+00 3.580000000000000000e+03
6.000578703703703276e+00 3.628000000000000000e+03
6.007523148148147918e+00 3.494000000000000000e+03
6.014467592592592560e+00 3.545000000000000000e+03
6.021412037037037202e+00 3.535000000000000000e+03
6.028356481481480955e+00 3.566000000000000000e+03
6.035300925925926485e+00 3.581000000000000000e+03
6.042245370370370239e+00 3.423000000000000000e+03
6.049189814814813992e+00 3.570000000000000000e+03
6.056134259259259522e+00 3.625000000000000000e+03
6.063078703703703276e+00 3.476000000000000000e+03
6.070023148148147918e+00 3.549000000000000000e+03
6.076967592592592560e+00 3.517000000000000000e+03
6.083912037037037202e+00 3.534000000000000000e+03
6.090856481481480955e+00 3.546000000000000000e+03
6.097800925925926485e+00 3.526000000000000000e+03
6.104745370370370239e+00 3.555000000000000000e+03
6.111689814814813992e+00 3.512000000000000000e+03
6.118634259259259522e+00 3.366000000000000000e+03
6.125578703703703276e+00 3.586000000000000000e+03
6.132523148148147918e+00 3.524000000000000000e+03
6.139467592592592560e+00 3.414000000000000000e+03
6.146412037037037202e+00 3.503000000000000000e+03
6.153356481481480955e+00 3.448000000000000000e+03
6.160300925925926485e+00 3.385000000000000000e+03
6.167245370370370239e+00 3.447000000000000000e+03
6.174189814814813992e+00 3.523000000000000000e+03
6.181134259259259522e+00 3.451000000000000000e+03
6.188078703703703276e+00 3.458000000000000000e+03
6.195023148148147918e+00 3.459000000000000000e+03
6.201967592592592560e+00 3.463000000000000000e+03
6.208912037037037202e+00 3.458000000000000000e+03
6.215856481481480955e+00 3.514000000000000000e+03
6.222800925925926485e+00 3.437000000000000000e+03
6.229745370370370239e+00 3.508000000000000000e+03
6.236689814814813992e+00 3.352000000000000000e+03
6.243634259259259522e+00 3.381000000000000000e+03
6.250578703703703276e+00 3.463000000000000000e+03
6.257523148148147918e+00 3.456000000000000000e+03
6.264467592592592560e+00 3.367000000000000000e+03
6.271412037037037202e+00 3.342000000000000000e+03
6.278356481481480955e+00 3.450000000000000000e+03
6.285300925925926485e+00 3.414000000000000000e+03
6.292245370370370239e+00 3.266000000000000000e+03
6.299189814814813992e+00 3.340000000000000000e+03
6.306134259259259522e+00 3.344000000000000000e+03
6.313078703703703276e+00 3.318000000000000000e+03
6.320023148148147918e+00 3.373000000000000000e+03
6.326967592592592560e+00 3.433000000000000000e+03
6.333912037037037202e+00 3.423000000000000000e+03
6.340856481481480955e+00 3.374000000000000000e+03
6.347800925925926485e+00 3.311000000000000000e+03
6.354745370370370239e+00 3.246000000000000000e+03
6.361689814814813992e+00 3.347000000000000000e+03
6.368634259259259522e+00 3.291000000000000000e+03
6.375578703703703276e+00 3.291000000000000000e+03
6.382523148148147918e+00 3.298000000000000000e+03
6.389467592592592560e+00 3.327000000000000000e+03
6.396412037037037202e+00 3.283000000000000000e+03
6.403356481481480955e+00 3.291000000000000000e+03
6.410300925925926485e+00 3.393000000000000000e+03
6.417245370370370239e+00 3.381000000000000000e+03
6.424189814814813992e+00 3.296000000000000000e+03
6.431134259259259522e+00 3.286000000000000000e+03
6.438078703703703276e+00 3.268000000000000000e+03
6.445023148148147918e+00 3.318000000000000000e+03
6.451967592592592560e+00 3.169000000000000000e+03
6.458912037037037202e+00 3.151000000000000000e+03
6.465856481481480955e+00 3.285000000000000000e+03
6.472800925925926485e+00 3.301000000000000000e+03
6.479745370370370239e+00 3.236000000000000000e+03
6.486689814814813992e+00 3.141000000000000000e+03
6.493634259259259522e+00 3.248000000000000000e+03
6.500578703703703276e+00 3.120000000000000000e+03
6.507523148148147918e+00 3.164000000000000000e+03
6.514467592592592560e+00 3.264000000000000000e+03
6.521412037037037202e+00 3.176000000000000000e+03
6.528356481481480955e+00 3.182000000000000000e+03
6.535300925925926485e+00 3.234000000000000000e+03
6.542245370370370239e+00 3.183000000000000000e+03
6.549189814814813992e+00 3.236000000000000000e+03
6.556134259259259522e+00 3.213000000000000000e+03
6.563078703703703276e+00 3.242000000000000000e+03
6.570023148148147918e+00 3.125000000000000000e+03
6.576967592592592560e+00 3.136000000000000000e+03
6.583912037037037202e+00 3.110000000000000000e+03
6.590856481481480955e+00 3.085000000000000000e+03
6.597800925925926485e+00 3.095000000000000000e+03
6.604745370370370239e+00 3.247000000000000000e+03
6.611689814814813992e+00 3.225000000000000000e+03
6.618634259259259522e+00 3.228000000000000000e+03
6.625578703703703276e+00 3.142000000000000000e+03
6.632523148148147918e+00 3.121000000000000000e+03
6.639467592592592560e+00 3.106000000000000000e+03
6.646412037037037202e+00 3.172000000000000000e+03
6.653356481481480955e+00 3.084000000000000000e+03
6.660300925925926485e+00 3.211000000000000000e+03
6.667245370370370239e+00 3.098000000000000000e+03
6.674189814814813992e+00 3.051000000000000000e+03
6.681134259259259522e+00 3.127000000000000000e+03
6.688078703703703276e+00 3.057000000000000000e+03
6.695023148148147918e+00 3.098000000000000000e+03
6.701967592592592560e+00 2.965000000000000000e+03
6.708912037037037202e+00 3.031000000000000000e+03
6.715856481481480955e+00 3.276000000000000000e+03
6.722800925925926485e+00 3.197000000000000000e+03
6.729745370370370239e+00 3.112000000000000000e+03
6.736689814814813992e+00 3.076000000000000000e+03
6.743634259259259522e+00 3.113000000000000000e+03
6.750578703703703276e+00 3.105000000000000000e+03
6.757523148148147918e+00 3.121000000000000000e+03
6.764467592592592560e+00 3.045000000000000000e+03
6.771412037037037202e+00 3.138000000000000000e+03
6.778356481481480955e+00 2.962000000000000000e+03
6.785300925925926485e+00 2.955000000000000000e+03
6.792245370370370239e+00 2.999000000000000000e+03
6.799189814814813992e+00 3.070000000000000000e+03
6.806134259259259522e+00 3.126000000000000000e+03
6.813078703703703276e+00 3.051000000000000000e+03
6.820023148148147918e+00 3.002000000000000000e+03
6.826967592592592560e+00 3.001000000000000000e+03
6.833912037037037202e+00 3.044000000000000000e+03
6.840856481481480955e+00 3.078000000000000000e+03
6.847800925925926485e+00 3.065000000000000000e+03
6.854745370370370239e+00 3.011000000000000000e+03
6.861689814814813992e+00 3.046000000000000000e+03
6.868634259259259522e+00 3.009000000000000000e+03
6.875578703703703276e+00 2.933000000000000000e+03
6.882523148148147918e+00 3.080000000000000000e+03
6.889467592592592560e+00 2.958000000000000000e+03
6.896412037037037202e+00 2.965000000000000000e+03
6.903356481481480955e+00 2.989000000000000000e+03
6.910300925925926485e+00 3.018000000000000000e+03
6.917245370370370239e+00 3.039000000000000000e+03
